500 0.0005540000000000024
1500 0.0018899999999999993
2500 0.0033240000000000006
3500 0.004800000000000002
4500 0.005802000000000002
5500 0.007124999999999999
6500 0.008579000000000003
7500 0.010158000000000007
8500 0.011291999999999996
9500 0.012736999999999998
10500 0.01470600000000001
11500 0.016366999999999993
12500 0.017597
13500 0.018793000000000004
14500 0.020704
15500 0.022679000000000005
16500 0.024252999999999997
17500 0.025556999999999996
18500 0.026695000000000024
19500 0.02881699999999998
20500 0.03148400000000001
21500 0.03220700000000004
22500 0.03397499999999998
23500 0.035903999999999936
24500 0.03760600000000003
25500 0.03953200000000001
26500 0.04100499999999996
27500 0.04300500000000007
28500 0.046036999999999995
29500 0.047526999999999986
30500 0.04850599999999994
31500 0.051588999999999996
32500 0.05203000000000002
33500 0.05548699999999995
34500 0.055448000000000164
35500 0.05969000000000002
36500 0.061561999999999895
37500 0.06310300000000013
38500 0.0652950000000001
39500 0.06742500000000007
40500 0.07015499999999997
41500 0.07002100000000011
42500 0.07202700000000006
43500 0.07546600000000003
44500 0.07720499999999997
45500 0.07717799999999997
46500 0.0797570000000003
47500 0.0831900000000001
48500 0.08394799999999991
49500 0.08523100000000028
50500 0.08693300000000015
51500 0.09123899999999985
52500 0.09343199999999996
53500 0.09457700000000013
54500 0.09715099999999977
55500 0.09877100000000016
56500 0.0994729999999997
57500 0.10392800000000024
58500 0.106522
59500 0.10398400000000008
60500 0.1070249999999997
61500 0.10840099999999975
62500 0.11313899999999988
63500 0.11481200000000014
64500 0.11547800000000041
65500 0.1198440000000005
66500 0.12165600000000065
67500 0.1217170000000003
68500 0.1288930000000006
69500 0.1262080000000001
70500 0.13220600000000005
71500 0.13174900000000012
72500 0.13373100000000004
73500 0.13440599999999936
74500 0.13637799999999967
75500 0.13875700000000002
76500 0.14100299999999955
77500 0.14448300000000014
78500 0.14552000000000032
79500 0.14775099999999952
80500 0.14926300000000037
81500 0.15613799999999944
82500 0.15628900000000012
83500 0.15854200000000063
84500 0.16250099999999978
85500 0.16318399999999933
86500 0.16620800000000013
87500 0.16614799999999974
88500 0.17076899999999995
89500 0.16990999999999978
90500 0.170005999999999
91500 0.17480600000000024
92500 0.17640399999999978
93500 0.18094999999999928
94500 0.17789900000000003
95500 0.1865900000000007
96500 0.1823239999999995
97500 0.18711899999999915
98500 0.18709799999999888
99500 0.188307
