500 0.0005390000000000013
1500 0.001635000000000001
2500 0.0029840000000000005
3500 0.004018999999999998
4500 0.005051000000000003
5500 0.005957999999999998
6500 0.006987
7500 0.008078000000000002
8500 0.009383000000000002
9500 0.010437000000000002
10500 0.011800999999999992
11500 0.013008000000000006
12500 0.014227000000000004
13500 0.015684000000000003
14500 0.01674400000000001
15500 0.01761500000000002
16500 0.019703
17500 0.020738000000000006
18500 0.02208500000000002
19500 0.023368
20500 0.024748000000000048
21500 0.025977000000000028
22500 0.02748900000000004
23500 0.028720999999999997
24500 0.030409999999999993
25500 0.032148000000000065
26500 0.03313699999999997
27500 0.03506799999999999
28500 0.036138
29500 0.03740700000000008
30500 0.03956099999999996
31500 0.03987599999999991
32500 0.041383999999999976
33500 0.043115000000000014
34500 0.04469999999999996
35500 0.046215000000000006
36500 0.04805599999999988
37500 0.04943799999999987
38500 0.05178000000000016
39500 0.05234099999999997
40500 0.054665000000000186
41500 0.055201000000000056
42500 0.057727000000000084
43500 0.05831199999999992
44500 0.06086199999999997
45500 0.06134600000000012
46500 0.06287200000000004
47500 0.064994
48500 0.0659559999999999
49500 0.06921599999999994
50500 0.06909100000000001
51500 0.07053900000000013
52500 0.07218299999999989
53500 0.07289699999999977
54500 0.0749439999999999
55500 0.07658300000000029
56500 0.07935300000000023
57500 0.07967799999999992
58500 0.08297399999999966
59500 0.08253200000000005
60500 0.08368399999999987
61500 0.0853790000000001
62500 0.08821999999999974
63500 0.08783399999999997
64500 0.09123800000000015
65500 0.09129299999999985
66500 0.09042000000000039
67500 0.09511799999999981
68500 0.09643200000000007
69500 0.09921399999999991
70500 0.10031499999999971
71500 0.10370100000000004
72500 0.10345300000000002
73500 0.10735500000000009
74500 0.1032579999999994
75500 0.10873099999999969
76500 0.10596800000000073
77500 0.11094500000000007
78500 0.11351600000000062
79500 0.1150739999999999
80500 0.11837199999999992
81500 0.11835899999999988
82500 0.12230699999999928
83500 0.12162000000000006
84500 0.1251389999999999
85500 0.12698900000000002
86500 0.1287080000000005
87500 0.12792699999999968
88500 0.12952900000000067
89500 0.13115599999999983
90500 0.13268400000000025
91500 0.1300479999999995
92500 0.13616399999999995
93500 0.1388430000000005
94500 0.13835599999999992
95500 0.14118299999999984
96500 0.14031400000000005
97500 0.14755300000000027
98500 0.1474789999999988
99500 0.14747099999999946
