500 0.0002559999999999993
1500 0.0009000000000000015
2500 0.0016110000000000013
3500 0.002345
4500 0.002807999999999998
5500 0.0034040000000000042
6500 0.0039939999999999976
7500 0.004812999999999998
8500 0.005268999999999996
9500 0.005993999999999999
10500 0.006731000000000001
11500 0.007615999999999998
12500 0.00783099999999999
13500 0.008835999999999997
14500 0.010577000000000003
15500 0.011502999999999985
16500 0.011458999999999997
17500 0.012730999999999992
18500 0.012798000000000004
19500 0.013620999999999994
20500 0.014426999999999995
21500 0.01588299999999998
22500 0.016137000000000012
23500 0.017376999999999976
24500 0.019293000000000005
25500 0.019685000000000008
26500 0.020043000000000033
27500 0.021150000000000002
28500 0.021668999999999994
29500 0.023650000000000004
30500 0.02278100000000005
31500 0.02529999999999999
32500 0.025515000000000065
33500 0.025931999999999955
34500 0.026793999999999984
35500 0.02848000000000006
36500 0.02969999999999995
37500 0.029932999999999987
38500 0.029910000000000103
39500 0.03073899999999996
40500 0.033405999999999936
41500 0.032997000000000054
42500 0.03682399999999997
43500 0.03450799999999998
44500 0.03727300000000011
45500 0.036721000000000004
46500 0.03883799999999993
47500 0.038911999999999836
48500 0.039841000000000015
49500 0.04088399999999992
50500 0.04027199999999986
51500 0.04226900000000011
52500 0.04439499999999996
53500 0.0434159999999999
54500 0.044962999999999864
55500 0.045903999999999945
56500 0.04610599999999998
57500 0.05050999999999983
58500 0.04755899999999991
59500 0.05050500000000002
60500 0.04913700000000021
61500 0.052355999999999625
62500 0.05314899999999989
63500 0.05283199999999999
64500 0.052764000000000255
65500 0.05589299999999975
66500 0.053981999999999974
67500 0.05839699999999981
68500 0.055670999999999804
69500 0.059419999999999806
70500 0.06064399999999992
71500 0.061891999999999836
72500 0.06194199999999972
73500 0.06805600000000034
74500 0.06185799999999997
75500 0.0632299999999999
76500 0.07001500000000016
77500 0.06745200000000029
78500 0.06763300000000028
79500 0.06765199999999982
80500 0.06683100000000008
81500 0.07345600000000019
82500 0.07058900000000001
83500 0.07176399999999994
84500 0.07279400000000003
85500 0.0718709999999998
86500 0.07536999999999949
87500 0.07444899999999954
88500 0.07613199999999942
89500 0.07878900000000044
90500 0.0791719999999998
91500 0.08038200000000018
92500 0.07768100000000011
93500 0.07824200000000037
94500 0.08309499999999925
95500 0.08078699999999994
96500 0.08044399999999996
97500 0.08286800000000039
98500 0.08759099999999975
99500 0.08591900000000052
