500 0.000388
1000 0.001487
1500 0.003245
2000 0.005599
2500 0.007923
3000 0.010438
3500 0.012504
4000 0.014980
4500 0.018871
5000 0.023852
5500 0.028281
6000 0.033858
6500 0.039456
7000 0.045733
7500 0.052639
8000 0.060950
8500 0.068054
9000 0.075142
9500 0.086184
10000 0.094603
10500 0.103838
11000 0.113345
11500 0.124224
12000 0.135852
12500 0.150031
13000 0.160418
13500 0.173633
14000 0.185819
14500 0.199275
15000 0.216876
15500 0.230651
16000 0.246926
16500 0.261693
17000 0.275467
17500 0.297525
18000 0.314523
18500 0.334179
19000 0.353008
19500 0.367839
20000 0.390752
20500 0.406076
21000 0.434915
21500 0.455390
22000 0.480172
22500 0.508250
23000 0.523175
23500 0.553708
24000 0.582605
24500 0.607514
25000 0.633679
25500 0.658056
26000 0.688215
26500 0.722173
27000 0.743946
27500 0.771128
28000 0.808514
28500 0.851018
29000 0.890246
29500 0.918041
30000 0.948639
