500 0.001847
1000 0.000959
1500 0.001154
2000 0.001862
2500 0.002735
3000 0.003753
3500 0.005246
4000 0.005950
4500 0.008221
5000 0.009363
5500 0.011333
6000 0.013110
6500 0.015604
7000 0.019211
7500 0.020534
8000 0.023067
8500 0.026152
9000 0.030439
9500 0.031713
10000 0.034811
10500 0.038921
11000 0.039648
11500 0.046111
12000 0.047530
12500 0.051688
13000 0.055107
13500 0.058731
14000 0.063474
14500 0.072190
15000 0.073044
15500 0.077976
16000 0.083742
16500 0.092826
17000 0.092616
17500 0.099986
18000 0.106157
18500 0.110257
19000 0.126029
19500 0.123139
20000 0.129658
20500 0.136232
21000 0.146235
21500 0.149653
22000 0.156450
22500 0.179103
23000 0.172595
23500 0.181677
24000 0.188993
24500 0.205848
25000 0.216895
25500 0.234810
26000 0.223693
26500 0.246877
27000 0.248517
27500 0.257170
28000 0.266194
28500 0.275618
29000 0.293799
29500 0.318825
30000 0.315621
