500 0.000198
1000 0.000089
1500 0.000137
2000 0.000166
2500 0.000211
3000 0.000288
3500 0.000314
4000 0.000354
4500 0.000408
5000 0.000325
5500 0.000325
6000 0.000335
6500 0.000368
7000 0.000396
7500 0.000403
8000 0.000434
8500 0.000473
9000 0.000478
9500 0.000533
10000 0.000545
10500 0.000580
11000 0.000619
11500 0.000615
12000 0.000638
12500 0.000656
13000 0.000715
13500 0.000729
14000 0.000798
14500 0.000796
15000 0.000858
15500 0.000872
16000 0.000940
16500 0.000972
17000 0.001011
17500 0.001046
18000 0.001061
18500 0.001037
19000 0.001025
19500 0.001058
20000 0.001177
20500 0.001106
21000 0.001170
21500 0.001208
22000 0.001250
22500 0.001279
23000 0.001323
23500 0.001305
24000 0.001307
24500 0.001345
25000 0.001527
25500 0.001561
26000 0.001541
26500 0.002394
27000 0.001560
27500 0.001553
28000 0.001556
28500 0.001544
29000 0.001639
29500 0.001653
30000 0.001660
30500 0.001731
31000 0.001899
31500 0.001787
32000 0.001846
32500 0.001948
33000 0.001915
33500 0.001902
34000 0.001920
34500 0.001937
35000 0.001958
35500 0.002008
36000 0.002258
36500 0.002049
37000 0.002135
37500 0.002183
38000 0.002146
38500 0.002340
39000 0.002250
39500 0.002202
40000 0.002437
40500 0.002469
41000 0.002368
41500 0.002533
42000 0.002598
42500 0.002531
43000 0.002481
43500 0.002536
44000 0.002857
44500 0.002632
45000 0.002757
45500 0.002788
46000 0.002752
46500 0.002697
47000 0.002708
47500 0.003009
48000 0.002807
48500 0.002941
49000 0.003821
49500 0.002928
50000 0.002916
50500 0.002937
51000 0.003259
51500 0.002959
52000 0.002967
52500 0.003192
53000 0.003093
53500 0.003086
54000 0.003405
54500 0.003245
55000 0.003451
55500 0.003547
56000 0.003319
56500 0.003319
57000 0.003608
57500 0.003459
58000 0.003586
58500 0.003457
59000 0.003485
59500 0.003471
60000 0.003917
60500 0.003539
61000 0.003736
61500 0.003635
62000 0.003644
62500 0.003762
63000 0.003960
63500 0.003876
64000 0.003882
64500 0.003812
65000 0.003807
65500 0.004231
66000 0.003992
66500 0.004256
67000 0.004146
67500 0.004035
68000 0.004386
68500 0.004181
69000 0.004349
69500 0.004117
70000 0.004325
70500 0.004224
71000 0.004298
71500 0.004387
72000 0.004414
72500 0.004780
73000 0.004469
73500 0.004630
74000 0.004552
74500 0.004522
75000 0.004548
75500 0.004504
76000 0.004840
76500 0.004729
77000 0.005018
77500 0.004732
78000 0.004925
78500 0.004703
79000 0.005091
79500 0.004885
80000 0.005258
80500 0.004930
81000 0.005205
81500 0.004930
82000 0.005195
82500 0.004965
83000 0.005306
83500 0.005155
84000 0.005221
84500 0.005219
85000 0.005506
85500 0.005216
86000 0.005331
86500 0.005340
87000 0.005713
87500 0.005354
88000 0.005703
88500 0.005340
89000 0.005798
89500 0.005749
90000 0.005411
90500 0.005422
91000 0.005591
91500 0.005454
92000 0.005747
92500 0.005846
93000 0.005720
93500 0.006668
94000 0.005725
94500 0.005997
95000 0.005718
95500 0.005960
96000 0.005966
96500 0.005936
97000 0.006065
97500 0.005962
98000 0.006294
98500 0.006040
99000 0.006073
99500 0.006503
100000 0.006214
