500 0.000503
1000 0.0010100000000000005
1500 0.0015670000000000024
2000 0.0022140000000000007
2500 0.0026830000000000014
3000 0.0032239999999999977
3500 0.0035290000000000044
4000 0.004143999999999995
4500 0.004680000000000004
5000 0.005025000000000002
5500 0.005651999999999997
6000 0.006332000000000004
6500 0.00682300000000001
7000 0.0077050000000000035
7500 0.008078000000000002
8000 0.008853
8500 0.009375000000000008
9000 0.010084999999999997
9500 0.010710999999999998
10000 0.011079000000000006
10500 0.011855000000000004
11000 0.01231299999999999
11500 0.013367000000000018
12000 0.013143999999999989
12500 0.014508000000000021
13000 0.014788999999999997
13500 0.015145999999999993
14000 0.01597200000000004
14500 0.01664899999999997
15000 0.017693999999999988
15500 0.018158000000000007
16000 0.019359000000000015
16500 0.019596999999999976
17000 0.02036300000000002
17500 0.02054499999999998
18000 0.02187800000000001
18500 0.02223499999999995
19000 0.023170000000000024
19500 0.023822999999999928
20000 0.024010000000000087
20500 0.024237999999999982
21000 0.024846999999999952
21500 0.025976
22000 0.02625299999999997
22500 0.027398000000000033
23000 0.027806999999999915
23500 0.028742000000000045
24000 0.02907000000000004
24500 0.03092399999999995
25000 0.03084500000000001
25500 0.03212499999999996
26000 0.032599000000000045
26500 0.03256300000000012
27000 0.03376900000000016
27500 0.03442999999999996
28000 0.03469299999999986
28500 0.036238000000000214
29000 0.03655300000000006
29500 0.03665000000000007
30000 0.036870999999999876
30500 0.03737100000000004
31000 0.03979900000000014
31500 0.03898899999999994
32000 0.0390029999999999
32500 0.040119000000000016
33000 0.04048800000000008
33500 0.04218900000000003
34000 0.04229599999999989
34500 0.042410999999999976
35000 0.04361700000000002
35500 0.04405700000000001
36000 0.044821
36500 0.046045000000000114
37000 0.04733300000000007
37500 0.04793400000000014
38000 0.04950600000000005
38500 0.04934100000000008
39000 0.05054099999999995
39500 0.049297000000000146
40000 0.05141499999999999
40500 0.05168700000000026
41000 0.052912999999999766
41500 0.053383999999999876
42000 0.05492100000000022
42500 0.054990000000000094
43000 0.056545999999999985
43500 0.05750600000000006
44000 0.05586100000000016
44500 0.05827399999999994
45000 0.05807399999999996
45500 0.059900000000000286
46000 0.060724999999999696
46500 0.06081699999999968
47000 0.062028000000000194
47500 0.061506999999999756
48000 0.06435199999999996
48500 0.06231600000000004
49000 0.06257299999999999
49500 0.06378299999999992
50000 0.0649930000000003
50500 0.0656030000000003
51000 0.06612499999999999
51500 0.06945399999999946
52000 0.06829700000000027
52500 0.06953999999999994
53000 0.06997399999999931
53500 0.07016799999999979
54000 0.07254100000000019
54500 0.07096899999999984
55000 0.07062900000000027
55500 0.07269099999999984
56000 0.07168200000000002
56500 0.07477200000000028
57000 0.07639900000000033
57500 0.07791000000000015
58000 0.07632999999999956
58500 0.07889000000000035
59000 0.08020099999999974
59500 0.07912099999999977
60000 0.08173700000000039
60500 0.0811610000000007
61000 0.08134799999999931
61500 0.0822099999999999
62000 0.08494899999999994
62500 0.08308300000000024
63000 0.08562500000000028
63500 0.08510799999999996
64000 0.0856470000000007
64500 0.08576099999999975
65000 0.08696999999999999
65500 0.0904859999999994
66000 0.08952700000000036
66500 0.08919800000000055
67000 0.0888580000000001
67500 0.09073000000000064
68000 0.0919970000000001
68500 0.0923210000000001
69000 0.09235300000000013
69500 0.09452900000000053
70000 0.09346700000000041
70500 0.09729999999999972
71000 0.0987309999999999
71500 0.09823199999999943
72000 0.09987100000000027
72500 0.09900900000000057
73000 0.09843000000000046
73500 0.09732400000000041
74000 0.09750499999999995
74500 0.10271700000000017
75000 0.1029150000000012
75500 0.10143799999999992
76000 0.10310600000000036
76500 0.10455299999999923
77000 0.10513100000000009
77500 0.10564600000000013
78000 0.10482099999999939
78500 0.10574000000000083
79000 0.10519299999999987
79500 0.10737400000000008
80000 0.10928000000000004
80500 0.11108699999999949
81000 0.11202499999999915
81500 0.11165999999999876
82000 0.10961600000000082
82500 0.11065400000000025
83000 0.11124000000000045
83500 0.11687000000000047
84000 0.1174949999999999
84500 0.11627799999999944
85000 0.11970799999999926
85500 0.11497199999999985
86000 0.11570099999999961
86500 0.11805500000000002
87000 0.11810299999999962
87500 0.11831399999999981
88000 0.1210129999999996
88500 0.12392599999999909
89000 0.12252299999999927
89500 0.12331400000000059
90000 0.12283799999999978
90500 0.12536600000000142
91000 0.1263930000000002
91500 0.12914699999999968
92000 0.1297340000000009
92500 0.12655500000000153
93000 0.12644300000000008
93500 0.12791099999999922
94000 0.13387600000000077
94500 0.13099500000000042
95000 0.12830499999999923
95500 0.13211399999999962
96000 0.13429799999999936
96500 0.1386509999999994
97000 0.1353390000000001
97500 0.1370830000000005
98000 0.13641099999999895
98500 0.13998699999999964
99000 0.1370710000000006
99500 0.13860899999999887
