500 0.000172
1000 0.000330
1500 0.000525
2000 0.000705
2500 0.001018
3000 0.000596
3500 0.000518
4000 0.000985
4500 0.000688
5000 0.001634
5500 0.001562
6000 0.001185
6500 0.001814
7000 0.002015
7500 0.001713
8000 0.001724
8500 0.001772
9000 0.001755
9500 0.001710
10000 0.001993
10500 0.001751
11000 0.001611
11500 0.001668
12000 0.001734
12500 0.001687
13000 0.001805
13500 0.001848
14000 0.001961
14500 0.002404
15000 0.002074
15500 0.002383
16000 0.002377
16500 0.002483
17000 0.002591
17500 0.002639
18000 0.002560
18500 0.002517
19000 0.002603
19500 0.002585
20000 0.002482
20500 0.002497
21000 0.002481
21500 0.002451
22000 0.002481
22500 0.002463
23000 0.002400
23500 0.002462
24000 0.002498
24500 0.002516
25000 0.002479
25500 0.002497
26000 0.002523
26500 0.002552
27000 0.002555
27500 0.002589
28000 0.002870
28500 0.002965
29000 0.002795
29500 0.002995
30000 0.002988
30500 0.003144
31000 0.003048
31500 0.003176
32000 0.003108
32500 0.003205
33000 0.003338
33500 0.003607
34000 0.003312
34500 0.003589
35000 0.003556
35500 0.003646
36000 0.003716
36500 0.003814
37000 0.003870
37500 0.004036
38000 0.003986
38500 0.004088
39000 0.004093
39500 0.004142
40000 0.004156
40500 0.004128
41000 0.004125
41500 0.004538
42000 0.004291
42500 0.004510
43000 0.004585
43500 0.004606
44000 0.004447
44500 0.004586
45000 0.004971
45500 0.004590
46000 0.004912
46500 0.005073
47000 0.005114
47500 0.005109
48000 0.005230
48500 0.005253
49000 0.005355
49500 0.005365
50000 0.005448
50500 0.005446
51000 0.005643
51500 0.005596
52000 0.005702
52500 0.005746
53000 0.005588
53500 0.005703
54000 0.005977
54500 0.005909
55000 0.006038
55500 0.006056
56000 0.006075
56500 0.006269
57000 0.006197
57500 0.006226
58000 0.006310
58500 0.006427
59000 0.006594
59500 0.006567
60000 0.006631
60500 0.006694
61000 0.006712
61500 0.006903
62000 0.006840
62500 0.006919
63000 0.006957
63500 0.007196
64000 0.006762
64500 0.007178
65000 0.007055
65500 0.007113
66000 0.007374
66500 0.007344
67000 0.007461
67500 0.007324
68000 0.007416
68500 0.007533
69000 0.007585
69500 0.007770
70000 0.007768
70500 0.007813
71000 0.007986
71500 0.008039
72000 0.008090
72500 0.008116
73000 0.008189
73500 0.008236
74000 0.008375
74500 0.008357
75000 0.008585
75500 0.008491
76000 0.008766
76500 0.008595
77000 0.008680
77500 0.008685
78000 0.008847
78500 0.008840
79000 0.008568
79500 0.009019
80000 0.009051
80500 0.009117
81000 0.009061
81500 0.009301
82000 0.009342
82500 0.009355
83000 0.009462
83500 0.009430
84000 0.009516
84500 0.009638
85000 0.009722
85500 0.009704
86000 0.009818
86500 0.009982
87000 0.010012
87500 0.009953
88000 0.010168
88500 0.010132
89000 0.010124
89500 0.010275
90000 0.010378
90500 0.010289
91000 0.010473
91500 0.010346
92000 0.010320
92500 0.010755
93000 0.010503
93500 0.010535
94000 0.010736
94500 0.010794
95000 0.010934
95500 0.011024
96000 0.010854
96500 0.011007
97000 0.011078
97500 0.011167
98000 0.011097
98500 0.011358
99000 0.011427
99500 0.011319
100000 0.011674
