500 0.000123
1000 0.000247
1500 0.000412
2000 0.000542
2500 0.000690
3000 0.000942
3500 0.001029
4000 0.001213
4500 0.001372
5000 0.001568
5500 0.001724
6000 0.001778
6500 0.001412
7000 0.001591
7500 0.001409
8000 0.001101
8500 0.001411
9000 0.001512
9500 0.001659
10000 0.001473
10500 0.001400
11000 0.001547
11500 0.001421
12000 0.001703
12500 0.002047
13000 0.002054
13500 0.001610
14000 0.001805
14500 0.002156
15000 0.001945
15500 0.001928
16000 0.002102
16500 0.002066
17000 0.002157
17500 0.002339
18000 0.002164
18500 0.002315
19000 0.002192
19500 0.002399
20000 0.002311
20500 0.002165
21000 0.002251
21500 0.002165
22000 0.002240
22500 0.002366
23000 0.002264
23500 0.002245
24000 0.002235
24500 0.002146
25000 0.002318
25500 0.002192
26000 0.002274
26500 0.002281
27000 0.002370
27500 0.002348
28000 0.002160
28500 0.002409
29000 0.002367
29500 0.002434
30000 0.002449
30500 0.002619
31000 0.002596
31500 0.002516
32000 0.002655
32500 0.002728
33000 0.002924
33500 0.002902
34000 0.002782
34500 0.003019
35000 0.003105
35500 0.002967
36000 0.002982
36500 0.003150
37000 0.003103
37500 0.003241
38000 0.003371
38500 0.003389
39000 0.003425
39500 0.003404
40000 0.003591
40500 0.003540
41000 0.003571
41500 0.003602
42000 0.003644
42500 0.003768
43000 0.003860
43500 0.003809
44000 0.003932
44500 0.003978
45000 0.003910
45500 0.003832
46000 0.004117
46500 0.004133
47000 0.004195
47500 0.004170
48000 0.004140
48500 0.004209
49000 0.004208
49500 0.004362
50000 0.004255
50500 0.004678
51000 0.004680
51500 0.004741
52000 0.004594
52500 0.004738
53000 0.004609
53500 0.004794
54000 0.004990
54500 0.005106
55000 0.004930
55500 0.005026
56000 0.004977
56500 0.004820
57000 0.004980
57500 0.005247
58000 0.005292
58500 0.005462
59000 0.005294
59500 0.005387
60000 0.005507
60500 0.005425
61000 0.005505
61500 0.005655
62000 0.005322
62500 0.005681
63000 0.005798
63500 0.005589
64000 0.006046
64500 0.005925
65000 0.005761
65500 0.006215
66000 0.005950
66500 0.005933
67000 0.005996
67500 0.006134
68000 0.006347
68500 0.006406
69000 0.006269
69500 0.006404
70000 0.006426
70500 0.006305
71000 0.006482
71500 0.006694
72000 0.006660
72500 0.006310
73000 0.006833
73500 0.006675
74000 0.006882
74500 0.006573
75000 0.006958
75500 0.007029
76000 0.007203
76500 0.006851
77000 0.007190
77500 0.007369
78000 0.007167
78500 0.007396
79000 0.007274
79500 0.007087
80000 0.007353
80500 0.007522
81000 0.007544
81500 0.007545
82000 0.007858
82500 0.007576
83000 0.007743
83500 0.007118
84000 0.007676
84500 0.007728
85000 0.008177
85500 0.007991
86000 0.007950
86500 0.008077
87000 0.008210
87500 0.008214
88000 0.008348
88500 0.008415
89000 0.008591
89500 0.008870
90000 0.008350
90500 0.008465
91000 0.008511
91500 0.008785
92000 0.008866
92500 0.008868
93000 0.008606
93500 0.009085
94000 0.008466
94500 0.009159
95000 0.009004
95500 0.009029
96000 0.009348
96500 0.008993
97000 0.008902
97500 0.009204
98000 0.009459
98500 0.009328
99000 0.008926
99500 0.009098
100000 0.009454
