500 0.000187
1000 0.000062
1500 0.000096
2000 0.000133
2500 0.000166
3000 0.000178
3500 0.000242
4000 0.000244
4500 0.000161
5000 0.000185
5500 0.000216
6000 0.000208
6500 0.000237
7000 0.000262
7500 0.000264
8000 0.000316
8500 0.000341
9000 0.000367
9500 0.000363
10000 0.000394
10500 0.000411
11000 0.000416
11500 0.000451
12000 0.000470
12500 0.000491
13000 0.000516
13500 0.000543
14000 0.000520
14500 0.000505
15000 0.000547
15500 0.000571
16000 0.000607
16500 0.000649
17000 0.000660
17500 0.000623
18000 0.000673
18500 0.000674
19000 0.000718
19500 0.000715
20000 0.000807
20500 0.000822
21000 0.000843
21500 0.000788
22000 0.000811
22500 0.000841
23000 0.000921
23500 0.000894
24000 0.000964
24500 0.000890
25000 0.000981
25500 0.000954
26000 0.000968
26500 0.001001
27000 0.000999
27500 0.001062
28000 0.001057
28500 0.001172
29000 0.001187
29500 0.001156
30000 0.001148
30500 0.001246
31000 0.001198
31500 0.001282
32000 0.001221
32500 0.001283
33000 0.001334
33500 0.001322
34000 0.001317
34500 0.001363
35000 0.001503
35500 0.001371
36000 0.001392
36500 0.001550
37000 0.001473
37500 0.001415
38000 0.001469
38500 0.001507
39000 0.001485
39500 0.001561
40000 0.001672
40500 0.001783
41000 0.001650
41500 0.001680
42000 0.001679
42500 0.001777
43000 0.001646
43500 0.001738
44000 0.001727
44500 0.001754
45000 0.001952
45500 0.001901
46000 0.001812
46500 0.001934
47000 0.001971
47500 0.001869
48000 0.001910
48500 0.001944
49000 0.001933
49500 0.002149
50000 0.001954
50500 0.002199
51000 0.002154
51500 0.002034
52000 0.002041
52500 0.002079
53000 0.002115
53500 0.002310
54000 0.002178
54500 0.002256
55000 0.002181
55500 0.002214
56000 0.002199
56500 0.002447
57000 0.002542
57500 0.002244
58000 0.002444
58500 0.002302
59000 0.002451
59500 0.002359
60000 0.002455
60500 0.002642
61000 0.002529
61500 0.002531
62000 0.002615
62500 0.002689
63000 0.002573
63500 0.002592
64000 0.002826
64500 0.002753
65000 0.002798
65500 0.002774
66000 0.002688
66500 0.002665
67000 0.002998
67500 0.002753
68000 0.002707
68500 0.002939
69000 0.002956
69500 0.003732
70000 0.002946
70500 0.002944
71000 0.002967
71500 0.002945
72000 0.002967
72500 0.003260
73000 0.002948
73500 0.003011
74000 0.002995
74500 0.003159
75000 0.003056
75500 0.003405
76000 0.003160
76500 0.003187
77000 0.003333
77500 0.003169
78000 0.003431
78500 0.003204
79000 0.003304
79500 0.003324
80000 0.003290
80500 0.003243
81000 0.003544
81500 0.003491
82000 0.003488
82500 0.003518
83000 0.003339
83500 0.003812
84000 0.003569
84500 0.003550
85000 0.003669
85500 0.003549
86000 0.003817
86500 0.003657
87000 0.003755
87500 0.003603
88000 0.003705
88500 0.003701
89000 0.003758
89500 0.003852
90000 0.003652
90500 0.004089
91000 0.003717
91500 0.003767
92000 0.004083
92500 0.003733
93000 0.004141
93500 0.003940
94000 0.004066
94500 0.004036
95000 0.004118
95500 0.003948
96000 0.004002
96500 0.004186
97000 0.003975
97500 0.004360
98000 0.004227
98500 0.004240
99000 0.004197
99500 0.004797
100000 0.004319
