500 0.0002689999999999984
1000 0.0005870000000000007
1500 0.0008349999999999989
2000 0.0012340000000000025
2500 0.0014280000000000022
3000 0.0018199999999999987
3500 0.002349999999999998
4000 0.00247
4500 0.0027660000000000046
5000 0.003257999999999997
5500 0.0035620000000000027
6000 0.004018999999999995
6500 0.004054999999999996
7000 0.004609999999999989
7500 0.004951999999999998
8000 0.005579000000000001
8500 0.005722999999999992
9000 0.006663000000000002
9500 0.006764000000000006
10000 0.00699799999999999
10500 0.007317000000000004
11000 0.007729000000000014
11500 0.008262999999999993
12000 0.008173000000000014
12500 0.009548000000000001
13000 0.009417999999999982
13500 0.009887000000000007
14000 0.010584999999999983
14500 0.010810999999999987
15000 0.010800000000000004
15500 0.011280999999999985
16000 0.011540999999999968
16500 0.01195099999999999
17000 0.012448999999999988
17500 0.012973000000000012
18000 0.013284000000000018
18500 0.013973999999999986
19000 0.01482599999999995
19500 0.01427299999999998
20000 0.014880000000000004
20500 0.015224999999999989
21000 0.015562999999999994
21500 0.01603899999999997
22000 0.016838999999999937
22500 0.017000999999999933
23000 0.017430000000000057
23500 0.018213000000000035
24000 0.018147999999999942
24500 0.019056000000000073
25000 0.018786999999999998
25500 0.01984600000000003
26000 0.019257999999999997
26500 0.022424999999999917
27000 0.021174000000000026
27500 0.02097300000000002
28000 0.021589999999999998
28500 0.021666999999999992
29000 0.024078000000000044
29500 0.02360300000000004
30000 0.02477000000000007
30500 0.023665000000000047
31000 0.024785999999999975
31500 0.023692000000000046
32000 0.025886000000000076
32500 0.026910999999999907
33000 0.025063999999999975
33500 0.027546999999999988
34000 0.026375000000000037
34500 0.026358000000000104
35000 0.0275129999999999
35500 0.02757900000000002
36000 0.0312650000000001
36500 0.029937999999999798
37000 0.03278100000000017
37500 0.02946099999999996
38000 0.03032900000000005
38500 0.030868000000000118
39000 0.031410999999999856
39500 0.032503999999999866
40000 0.03398699999999999
40500 0.03354199999999996
41000 0.03325899999999993
41500 0.03488000000000002
42000 0.03326999999999991
42500 0.037463000000000024
43000 0.03371400000000002
43500 0.035618999999999845
44000 0.036030999999999924
44500 0.037044999999999995
45000 0.037439
45500 0.036871999999999794
46000 0.039444000000000035
46500 0.03893599999999964
47000 0.03855499999999967
47500 0.036749999999999616
48000 0.03921800000000042
48500 0.039285000000000014
49000 0.038912999999999975
49500 0.03930699999999998
50000 0.04180299999999981
50500 0.0419710000000002
51000 0.04210899999999995
51500 0.0420370000000001
52000 0.04518500000000003
52500 0.04234700000000036
53000 0.046641000000000155
53500 0.04487299999999994
54000 0.04422299999999968
54500 0.04516100000000023
55000 0.04538999999999982
55500 0.04610000000000003
56000 0.04691599999999996
56500 0.049574999999999925
57000 0.04798900000000028
57500 0.047495000000000065
58000 0.048187999999999676
58500 0.04899599999999982
59000 0.05492499999999989
59500 0.049816000000000304
60000 0.049195999999999795
60500 0.049342999999999915
61000 0.050978999999999886
61500 0.05057299999999998
62000 0.056206999999999674
62500 0.05306299999999986
63000 0.054079999999999906
63500 0.05393899999999974
64000 0.053751000000000104
64500 0.057277999999999274
65000 0.05712800000000051
65500 0.05659499999999973
66000 0.057172999999999696
66500 0.05526000000000053
67000 0.05768099999999965
67500 0.05695499999999942
68000 0.05694600000000083
68500 0.05644099999999952
69000 0.0586840000000004
69500 0.05773299999999981
70000 0.05899199999999993
70500 0.06130000000000013
71000 0.061498000000000275
71500 0.06386299999999956
72000 0.060097999999999985
72500 0.062123999999999846
73000 0.06386200000000031
73500 0.06256299999999992
74000 0.06124599999999969
74500 0.06757200000000019
75000 0.06529399999999974
75500 0.06395199999999956
76000 0.06744799999999973
76500 0.06618000000000013
77000 0.07421100000000003
77500 0.06552700000000033
78000 0.0712849999999996
78500 0.06680799999999998
79000 0.06850100000000037
79500 0.06767599999999963
80000 0.08063300000000062
80500 0.07111200000000029
81000 0.07316699999999976
81500 0.07470400000000055
82000 0.07118599999999997
82500 0.07067400000000035
83000 0.07227899999999998
83500 0.07028999999999996
84000 0.07519099999999934
84500 0.07406299999999977
85000 0.07417799999999986
85500 0.07853700000000075
86000 0.07095300000000115
86500 0.07386599999999888
87000 0.07924299999999995
87500 0.0739219999999996
88000 0.07415400000000005
88500 0.08149900000000088
89000 0.08132099999999909
89500 0.07829500000000067
90000 0.07831599999999916
90500 0.08328999999999986
91000 0.08136999999999972
91500 0.07748400000000011
92000 0.0764680000000002
92500 0.0853350000000006
93000 0.08440900000000084
93500 0.08504999999999896
94000 0.08185000000000109
94500 0.08613999999999855
95000 0.08191300000000012
95500 0.082198
96000 0.08580000000000076
96500 0.08820499999999853
97000 0.08532699999999949
97500 0.08355599999999974
98000 0.08617699999999928
98500 0.08811700000000044
99000 0.09165599999999863
99500 0.08658900000000003
